0 0.029637 0.549133 0.040153 0.485549
0 0.065010 0.517341 0.030593 0.549133
1 0.118069 0.508671 0.044933 0.473988
1 0.161090 0.552023 0.039197 0.491329
1 0.201243 0.552023 0.037285 0.502890
1 0.292065 0.494220 0.046845 0.491329
1 0.375717 0.497110 0.043977 0.508671
0 0.420650 0.557803 0.040153 0.526012
0 0.458891 0.476879 0.032505 0.526012
1 0.546367 0.505780 0.048757 0.468208
0 0.592256 0.543353 0.041109 0.450867
1 0.671606 0.520231 0.043021 0.462428
0 0.720841 0.511561 0.042065 0.445087
1 0.803537 0.514451 0.046845 0.473988
0 0.850382 0.508671 0.043021 0.531792
1 0.938337 0.488439 0.044933 0.479769
