1 0.024295 0.554487 0.046647 0.506410
0 0.070943 0.625000 0.046647 0.544872
1 0.157434 0.560897 0.044704 0.519231
0 0.203110 0.618590 0.044704 0.506410
1 0.287172 0.551282 0.045675 0.487179
0 0.333333 0.596154 0.042760 0.474359
1 0.411079 0.538462 0.046647 0.512821
0 0.458698 0.589744 0.044704 0.461538
1 0.533042 0.544872 0.045675 0.551282
0 0.580661 0.618590 0.043732 0.467949
1 0.654033 0.509615 0.046647 0.596154
0 0.700680 0.608974 0.042760 0.474359
1 0.787172 0.500000 0.046647 0.615385
0 0.834305 0.612179 0.043732 0.493590
1 0.916424 0.519231 0.046647 0.538462
0 0.964043 0.608974 0.046647 0.500000
