1 0.046667 0.490566 0.047619 0.566038
0 0.091905 0.581761 0.042857 0.584906
1 0.166667 0.512579 0.043810 0.547170
0 0.212381 0.588050 0.043810 0.522013
1 0.295238 0.484277 0.043810 0.528302
0 0.339524 0.581761 0.044762 0.559748
1 0.422857 0.487421 0.045714 0.509434
0 0.467619 0.606918 0.041905 0.534591
1 0.550952 0.503145 0.046667 0.591195
0 0.596190 0.616352 0.041905 0.515723
1 0.678571 0.515723 0.046667 0.566038
0 0.725238 0.638365 0.042857 0.610063
1 0.811905 0.487421 0.044762 0.597484
0 0.858095 0.562893 0.043810 0.484277
1 0.942857 0.500000 0.045714 0.572327
