0 0.054297 0.575419 0.040604 0.759777
0 0.116619 0.438547 0.042493 0.474860
0 0.160529 0.539106 0.041549 0.430168
1 0.257790 0.444134 0.045326 0.463687
0 0.306421 0.463687 0.040604 0.446927
1 0.390935 0.435754 0.043437 0.480447
0 0.440510 0.407821 0.038716 0.536313
1 0.525968 0.469274 0.047214 0.458101
0 0.574599 0.502793 0.038716 0.480447
1 0.652030 0.427374 0.044381 0.497207
0 0.706327 0.505587 0.041549 0.575419
1 0.776676 0.430168 0.046270 0.525140
0 0.823890 0.483240 0.038716 0.385475
1 0.904155 0.421788 0.044381 0.497207
0 0.951369 0.508380 0.038716 0.435754
