0 0.028719 0.489418 0.036723 0.417989
1 0.106874 0.470899 0.044256 0.423280
0 0.156309 0.465608 0.037665 0.370370
1 0.240113 0.433862 0.047081 0.444444
0 0.283898 0.494709 0.032957 0.460317
0 0.314501 0.526455 0.026365 0.671958
0 0.342279 0.555556 0.029190 0.835979
0 0.410546 0.444444 0.037665 0.444444
0 0.454331 0.452381 0.036723 0.386243
1 0.538136 0.492063 0.044256 0.370370
1 0.607345 0.465608 0.045198 0.444444
1 0.650659 0.486772 0.037665 0.391534
1 0.753766 0.449735 0.044256 0.433862
0 0.809793 0.492063 0.043315 0.455026
1 0.887947 0.452381 0.045198 0.428571
0 0.939266 0.455026 0.036723 0.380952
