0 0.049086 0.505988 0.040423 0.508982
1 0.137151 0.488024 0.047161 0.497006
0 0.185274 0.502994 0.033686 0.479042
0 0.218961 0.601796 0.033686 0.796407
1 0.313282 0.470060 0.045236 0.532934
0 0.359962 0.500000 0.038499 0.413174
1 0.458614 0.488024 0.047161 0.485030
0 0.511068 0.502994 0.036574 0.431138
1 0.611165 0.482036 0.048123 0.520958
0 0.661694 0.523952 0.039461 0.449102
1 0.760828 0.461078 0.049086 0.491018
0 0.814244 0.482036 0.036574 0.473054
1 0.905679 0.508982 0.046198 0.455090
0 0.956689 0.479042 0.038499 0.455090
