0 0.048591 0.523256 0.042760 0.465116
1 0.134111 0.529070 0.048591 0.418605
0 0.184645 0.552326 0.042760 0.465116
1 0.277940 0.520349 0.044704 0.459302
1 0.378523 0.505814 0.047619 0.488372
0 0.427114 0.566860 0.041788 0.470930
1 0.511662 0.546512 0.047619 0.430233
0 0.564626 0.523256 0.038873 0.430233
1 0.637998 0.534884 0.045675 0.453488
0 0.691934 0.526163 0.040816 0.470930
1 0.777940 0.555233 0.047619 0.447674
0 0.828960 0.505814 0.038873 0.488372
1 0.914480 0.546512 0.048591 0.453488
0 0.965500 0.508721 0.037901 0.494186
