0 0.042830 0.445652 0.043311 0.423913
0 0.089990 0.445652 0.033686 0.369565
0 0.126083 0.521739 0.038499 0.684783
0 0.161213 0.437500 0.029836 0.494565
1 0.255053 0.451087 0.050048 0.478261
0 0.301251 0.480978 0.036574 0.385870
0 0.337825 0.519022 0.032724 0.625000
0 0.373436 0.437500 0.038499 0.505435
1 0.472570 0.456522 0.046198 0.510870
0 0.520693 0.497283 0.034649 0.505435
0 0.555342 0.581522 0.034649 0.760870
0 0.591434 0.497283 0.035611 0.483696
0 0.653994 0.521739 0.047161 0.456522
0 0.698749 0.502717 0.038499 0.418478
0 0.837344 0.456522 0.042348 0.445652
1 0.948989 0.491848 0.046198 0.483696
