0 0.025456 0.494253 0.037464 0.413793
0 0.059078 0.586207 0.029779 0.827586
0 0.096542 0.468391 0.039385 0.511494
1 0.181076 0.436782 0.048991 0.482759
0 0.227666 0.491379 0.040346 0.419540
1 0.305956 0.456897 0.047070 0.488506
0 0.356388 0.511494 0.038425 0.551724
1 0.447166 0.439655 0.045149 0.534483
1 0.535543 0.468391 0.047070 0.522989
1 0.617195 0.468391 0.047070 0.522989
0 0.665226 0.465517 0.041306 0.517241
1 0.761768 0.448276 0.048031 0.551724
0 0.813641 0.520115 0.040346 0.511494
1 0.903939 0.485632 0.048031 0.477011
