1 0.043251 0.481818 0.042776 0.551515
0 0.087452 0.466667 0.036122 0.496970
1 0.170152 0.487879 0.045627 0.454545
0 0.216730 0.618182 0.038023 0.472727
1 0.281369 0.484848 0.041825 0.448485
0 0.325570 0.572727 0.037072 0.587879
1 0.390209 0.493939 0.042776 0.551515
0 0.439639 0.575758 0.033270 0.545455
1 0.504278 0.454545 0.042776 0.472727
0 0.548479 0.593939 0.038023 0.472727
0 0.651616 0.678788 0.038973 0.569697
1 0.730513 0.572727 0.044677 0.490909
0 0.774240 0.563636 0.038973 0.545455
1 0.846958 0.478788 0.043726 0.472727
0 0.889259 0.590909 0.042776 0.636364
1 0.971483 0.493939 0.045627 0.503030
