1 0.030894 0.494186 0.033270 0.523256
0 0.070817 0.505814 0.031369 0.488372
1 0.125000 0.392442 0.040875 0.494186
0 0.169677 0.558140 0.037072 0.453488
1 0.336502 0.508721 0.043726 0.401163
1 0.384506 0.569767 0.031369 0.430233
1 0.499525 0.540698 0.033270 0.511628
0 0.608365 0.462209 0.032319 0.470930
1 0.669677 0.488372 0.044677 0.476744
0 0.715304 0.604651 0.029468 0.511628
0 0.821768 0.540698 0.031369 0.465116
1 0.874525 0.456395 0.043726 0.424419
0 0.920627 0.529070 0.035171 0.476744
1 0.977662 0.409884 0.040875 0.505814
