0 0.069030 0.497537 0.033582 0.374384
1 0.123134 0.381773 0.042910 0.379310
0 0.167444 0.413793 0.028918 0.443350
0 0.263060 0.418719 0.029851 0.532020
0 0.368937 0.532020 0.028918 0.305419
0 0.416511 0.522167 0.040112 0.374384
0 0.458022 0.536946 0.035448 0.374384
1 0.514459 0.428571 0.043843 0.433498
0 0.554104 0.517241 0.029851 0.354680
0 0.583489 0.549261 0.027052 0.901478
0 0.611007 0.591133 0.029851 0.719212
1 0.686567 0.362069 0.037313 0.369458
1 0.737407 0.332512 0.043843 0.408867
0 0.780317 0.411330 0.030784 0.389163
1 0.830224 0.428571 0.042910 0.394089
1 0.919310 0.349754 0.040112 0.453202
0 0.961754 0.413793 0.033582 0.472906
