0 0.043909 0.407186 0.036827 0.455090
1 0.097734 0.458084 0.042493 0.544910
1 0.152030 0.580838 0.039660 0.479042
0 0.192162 0.565868 0.034939 0.592814
0 0.298867 0.595808 0.036827 0.580838
1 0.389518 0.449102 0.042493 0.491018
1 0.518414 0.407186 0.043437 0.586826
0 0.565156 0.577844 0.036827 0.748503
1 0.604816 0.464072 0.040604 0.532934
0 0.643532 0.446108 0.033050 0.568862
0 0.741737 0.505988 0.034939 0.425150
1 0.831445 0.440120 0.042493 0.520958
0 0.877715 0.532934 0.034939 0.670659
1 0.947592 0.410180 0.046270 0.544910
