1 0.112754 0.449153 0.042514 0.435028
1 0.168207 0.466102 0.040665 0.412429
0 0.207948 0.457627 0.035120 0.440678
1 0.283734 0.485876 0.044362 0.406780
0 0.328096 0.502825 0.042514 0.406780
1 0.397412 0.477401 0.044362 0.457627
0 0.441312 0.542373 0.045287 0.485876
1 0.517098 0.500000 0.045287 0.446328
0 0.560998 0.528249 0.042514 0.401130
1 0.640943 0.502825 0.043438 0.429379
0 0.684381 0.531073 0.041590 0.451977
1 0.752311 0.536723 0.044362 0.384181
0 0.797597 0.536723 0.042514 0.406780
1 0.867837 0.522599 0.046211 0.423729
0 0.912662 0.548023 0.039741 0.350282
1 0.975970 0.491525 0.040665 0.395480
