0 0.034036 0.570621 0.033557 0.485876
1 0.100671 0.488701 0.046021 0.435028
1 0.165868 0.477401 0.046021 0.401130
0 0.212848 0.556497 0.034516 0.401130
1 0.290029 0.454802 0.045062 0.435028
1 0.371045 0.460452 0.046021 0.435028
0 0.420901 0.531073 0.032598 0.485876
1 0.498562 0.474576 0.046021 0.372881
1 0.576222 0.446328 0.044104 0.406780
0 0.627037 0.564972 0.036433 0.576271
1 0.694631 0.443503 0.046980 0.468927
1 0.762224 0.412429 0.044104 0.508475
0 0.810642 0.542373 0.035475 0.474576
1 0.876798 0.466102 0.045062 0.446328
1 0.940077 0.500000 0.046980 0.423729
