1 0.061734 0.412281 0.049953 0.485380
1 0.131480 0.467836 0.044298 0.491228
0 0.242224 0.473684 0.030160 0.467836
0 0.271913 0.605263 0.029218 0.754386
0 0.332234 0.470760 0.034873 0.520468
0 0.373704 0.543860 0.034873 0.467836
1 0.421772 0.479532 0.044298 0.502924
1 0.476437 0.488304 0.044298 0.497076
0 0.519321 0.467836 0.032045 0.491228
0 0.549953 0.412281 0.029218 0.532164
1 0.599906 0.476608 0.044298 0.497076
1 0.655042 0.502924 0.043355 0.432749
0 0.695570 0.502924 0.032045 0.432749
0 0.727615 0.526316 0.028275 0.409357
1 0.776626 0.500000 0.043355 0.438596
1 0.830349 0.497076 0.043355 0.479532
0 0.872290 0.482456 0.029218 0.485380
0 0.901508 0.470760 0.027333 0.473684
1 0.953817 0.505848 0.041470 0.473684
