1 0.093133 0.422680 0.045155 0.412371
1 0.168862 0.438144 0.047977 0.432990
0 0.214017 0.502577 0.029163 0.479381
0 0.245061 0.561856 0.029163 0.876289
0 0.279868 0.590206 0.042333 0.819588
1 0.313735 0.440722 0.046096 0.386598
1 0.399812 0.404639 0.045155 0.438144
1 0.468956 0.445876 0.046096 0.407216
0 0.511289 0.489691 0.032926 0.432990
0 0.541392 0.574742 0.027281 0.850515
0 0.576670 0.567010 0.041392 0.773196
0 0.622295 0.420103 0.036689 0.396907
0 0.660865 0.592784 0.032926 0.639175
0 0.689558 0.561856 0.024459 0.752577
0 0.717310 0.577320 0.031044 0.649485
1 0.779868 0.458763 0.047037 0.381443
0 0.822672 0.505155 0.032926 0.515464
1 0.867827 0.448454 0.044214 0.443299
0 0.912982 0.494845 0.031044 0.288660
