1 0.052063 0.437186 0.049116 0.391960
0 0.146857 0.429648 0.038310 0.366834
0 0.233792 0.384422 0.037328 0.427136
0 0.279961 0.507538 0.031434 0.502513
0 0.311395 0.555276 0.033399 0.728643
1 0.361984 0.399497 0.044204 0.407035
0 0.410609 0.477387 0.029470 0.452261
0 0.443517 0.414573 0.034381 0.467337
0 0.477407 0.439698 0.033399 0.457286
0 0.509332 0.402010 0.034381 0.482412
0 0.556483 0.399497 0.036346 0.467337
1 0.617387 0.399497 0.050098 0.396985
1 0.683694 0.369347 0.045187 0.447236
1 0.772102 0.361809 0.047151 0.472362
0 0.819745 0.452261 0.030452 0.462312
0 0.850688 0.427136 0.029470 0.482412
0 0.894401 0.437186 0.034381 0.371859
0 0.932220 0.492462 0.033399 0.492462
