0 0.064947 0.387560 0.038204 0.392344
0 0.108883 0.464115 0.032474 0.516746
1 0.186246 0.382775 0.045845 0.382775
0 0.235912 0.449761 0.036294 0.449761
1 0.321394 0.416268 0.042980 0.373206
0 0.369628 0.442584 0.034384 0.339713
1 0.438873 0.399522 0.042980 0.368421
1 0.510984 0.389952 0.043935 0.444976
1 0.618911 0.406699 0.049666 0.382775
0 0.717287 0.382775 0.038204 0.382775
0 0.765521 0.433014 0.035339 0.368421
1 0.849570 0.401914 0.048711 0.382775
0 0.901146 0.464115 0.033429 0.401914
0 0.934097 0.492823 0.034384 0.688995
