1 0.062699 0.461765 0.051010 0.511765
1 0.137620 0.473529 0.052072 0.476471
0 0.190223 0.532353 0.038257 0.547059
1 0.261424 0.444118 0.051010 0.535294
1 0.330499 0.432353 0.051010 0.511765
0 0.380978 0.550000 0.035069 0.570588
1 0.454304 0.455882 0.049947 0.488235
1 0.524442 0.464706 0.049947 0.494118
0 0.571732 0.535294 0.038257 0.552941
1 0.648778 0.488235 0.047821 0.470588
1 0.715728 0.526471 0.049947 0.429412
1 0.784803 0.476471 0.052072 0.505882
0 0.839001 0.517647 0.039320 0.470588
1 0.934113 0.476471 0.051010 0.494118
