0 0.099806 0.398396 0.040698 0.411765
1 0.190891 0.366310 0.044574 0.454545
0 0.240310 0.449198 0.040698 0.598930
1 0.320252 0.368984 0.047481 0.470588
0 0.373547 0.491979 0.039729 0.449198
1 0.441860 0.454545 0.046512 0.449198
1 0.514535 0.441176 0.046512 0.443850
1 0.586725 0.409091 0.045543 0.497326
0 0.635174 0.475936 0.031977 0.491979
0 0.666667 0.529412 0.032946 0.673797
1 0.716570 0.398396 0.049419 0.497326
0 0.829457 0.518717 0.032946 0.352941
1 0.973837 0.449198 0.052326 0.417112
0 0.863372 0.454545 0.032946 0.438503
0 0.897771 0.505348 0.031977 0.443850
