0 0.034762 0.296875 0.031429 0.385417
0 0.087143 0.361979 0.039048 0.442708
0 0.125714 0.375000 0.038095 0.468750
1 0.201905 0.367188 0.047619 0.411458
1 0.282381 0.338542 0.046667 0.447917
1 0.365714 0.333333 0.045714 0.437500
1 0.449048 0.361979 0.046667 0.421875
1 0.524762 0.364583 0.047619 0.437500
1 0.599048 0.361979 0.047619 0.411458
0 0.644762 0.442708 0.030476 0.541667
0 0.675714 0.520833 0.031429 0.781250
0 0.706190 0.432292 0.029524 0.614583
0 0.736667 0.565104 0.031429 0.390625
0 0.767619 0.572917 0.030476 0.520833
0 0.796667 0.481771 0.027619 0.578125
0 0.826667 0.523438 0.030476 0.484375
0 0.862857 0.484375 0.036190 0.458333
1 0.922857 0.455729 0.047619 0.411458
