0 0.109756 0.582237 0.036098 0.519737
0 0.153171 0.582237 0.031220 0.546053
0 0.184878 0.526316 0.032195 0.486842
0 0.217561 0.453947 0.033171 0.539474
0 0.250732 0.434211 0.033171 0.578947
0 0.326341 0.470395 0.038049 0.532895
0 0.386829 0.483553 0.038049 0.598684
0 0.427805 0.546053 0.032195 0.473684
0 0.461951 0.444079 0.034146 0.585526
0 0.494146 0.483553 0.030244 0.585526
0 0.525366 0.677632 0.034146 0.447368
1 0.579024 0.578947 0.049756 0.539474
1 0.630732 0.555921 0.045854 0.493421
1 0.684390 0.490132 0.047805 0.506579
1 0.740000 0.500000 0.045854 0.565789
0 0.782439 0.565789 0.033171 0.552632
0 0.818537 0.493421 0.033171 0.644737
0 0.859512 0.546053 0.037073 0.539474
0 0.906829 0.575658 0.034146 0.532895
