0 0.024131 0.556180 0.032819 0.438202
0 0.055502 0.525281 0.029923 0.443820
1 0.117278 0.477528 0.045367 0.483146
0 0.162162 0.533708 0.034749 0.314607
1 0.247104 0.469101 0.050193 0.443820
0 0.343147 0.446629 0.035714 0.500000
0 0.382239 0.483146 0.030888 0.539326
0 0.413127 0.483146 0.028958 0.595506
1 0.468629 0.452247 0.049228 0.477528
0 0.584942 0.483146 0.030888 0.449438
0 0.614865 0.452247 0.028958 0.488764
1 0.667471 0.441011 0.047297 0.488764
1 0.738417 0.441011 0.046332 0.477528
0 0.785232 0.511236 0.031853 0.415730
0 0.817568 0.500000 0.028958 0.415730
0 0.858108 0.441011 0.032819 0.488764
1 0.932915 0.460674 0.049228 0.494382
0 0.980695 0.550562 0.034749 0.359551
