1 0.080550 0.473684 0.049116 0.549708
1 0.175344 0.453216 0.050098 0.520468
0 0.224951 0.485380 0.033399 0.456140
1 0.312377 0.456140 0.045187 0.502924
0 0.363458 0.497076 0.033399 0.479532
1 0.447937 0.441520 0.047151 0.520468
1 0.541257 0.459064 0.043222 0.532164
0 0.591847 0.511696 0.034381 0.532164
1 0.670432 0.450292 0.046169 0.491228
0 0.720530 0.523392 0.032417 0.508772
0 0.751473 0.573099 0.033399 0.853801
1 0.809430 0.479532 0.045187 0.538012
1 0.884086 0.450292 0.049116 0.514620
0 0.929273 0.532164 0.035363 0.409357
0 0.961198 0.479532 0.032417 0.538012
