1 0.047337 0.468208 0.045365 0.462428
1 0.132150 0.465318 0.045365 0.514451
0 0.181953 0.537572 0.034517 0.612717
1 0.261834 0.442197 0.046351 0.526012
1 0.342209 0.468208 0.047337 0.543353
0 0.391519 0.543353 0.031558 0.566474
0 0.423077 0.557803 0.031558 0.572254
1 0.480769 0.459538 0.046351 0.491329
1 0.564596 0.479769 0.044379 0.497110
0 0.611933 0.528902 0.034517 0.526012
0 0.643984 0.500000 0.031558 0.526012
1 0.703649 0.491329 0.048323 0.462428
1 0.785996 0.502890 0.047337 0.497110
0 0.832840 0.583815 0.034517 0.404624
0 0.865385 0.511561 0.030572 0.595376
0 0.899901 0.497110 0.032544 0.601156
0 0.932446 0.476879 0.028600 0.560694
