1 0.118321 0.491071 0.043893 0.494048
0 0.167939 0.544643 0.034351 0.577381
1 0.315840 0.476190 0.043893 0.511905
0 0.360687 0.559524 0.032443 0.583333
0 0.393130 0.437500 0.028626 0.517857
0 0.448473 0.467262 0.036260 0.529762
1 0.515744 0.485119 0.044847 0.494048
1 0.597328 0.476190 0.047710 0.535714
1 0.680821 0.485119 0.042939 0.517857
0 0.729485 0.547619 0.031489 0.559524
0 0.761450 0.494048 0.032443 0.571429
1 0.813931 0.470238 0.043893 0.547619
1 0.895515 0.491071 0.046756 0.553571
0 0.941794 0.520833 0.030534 0.505952
0 0.971851 0.419643 0.027672 0.517857
