0 0.090570 0.491329 0.041083 0.497110
0 0.134921 0.459538 0.036415 0.514451
0 0.172736 0.528902 0.033613 0.514451
1 0.267974 0.479769 0.044818 0.462428
1 0.358077 0.465318 0.047619 0.502890
0 0.403361 0.546243 0.039216 0.560694
0 0.437908 0.488439 0.031746 0.445087
1 0.522409 0.465318 0.045752 0.479769
1 0.600373 0.442197 0.042951 0.491329
1 0.646125 0.554913 0.039216 0.508671
1 0.730159 0.465318 0.044818 0.502890
1 0.800654 0.465318 0.042017 0.491329
0 0.849673 0.473988 0.048553 0.450867
0 0.890289 0.459538 0.032680 0.514451
1 0.973856 0.433526 0.042951 0.497110
