1 0.084572 0.531056 0.046468 0.614907
1 0.151487 0.500000 0.042751 0.515528
0 0.196097 0.552795 0.042751 0.608696
1 0.266264 0.506211 0.043680 0.540373
1 0.330390 0.496894 0.047398 0.559006
1 0.391729 0.496894 0.041822 0.546584
1 0.454461 0.496894 0.042751 0.534161
1 0.518587 0.487578 0.044610 0.552795
1 0.583643 0.481366 0.042751 0.565217
0 0.626394 0.562112 0.042751 0.453416
1 0.696561 0.493789 0.045539 0.552795
1 0.754647 0.512422 0.042751 0.527950
1 0.812268 0.534161 0.044610 0.546584
0 0.854554 0.593168 0.036245 0.490683
1 0.918680 0.549689 0.043680 0.565217
