0 0.068203 0.523026 0.035023 0.506579
1 0.153917 0.549342 0.044240 0.532895
1 0.242857 0.549342 0.043318 0.559211
0 0.287097 0.634868 0.041475 0.717105
1 0.363134 0.539474 0.044240 0.552632
0 0.415668 0.519737 0.040553 0.539474
0 0.453456 0.509868 0.036866 0.651316
1 0.546083 0.506579 0.047005 0.513158
1 0.625346 0.532895 0.045161 0.592105
0 0.669585 0.618421 0.041475 0.763158
1 0.755300 0.509868 0.045161 0.572368
1 0.840553 0.555921 0.044240 0.559211
1 0.925806 0.509868 0.045161 0.598684
0 0.967281 0.575658 0.045161 0.690789
