1 0.091458 0.524845 0.043640 0.540373
1 0.169452 0.565217 0.043640 0.534161
0 0.212628 0.664596 0.044568 0.670807
1 0.298050 0.531056 0.046425 0.527950
0 0.350511 0.487578 0.043640 0.478261
0 0.386722 0.509317 0.038069 0.571429
1 0.475859 0.580745 0.049211 0.527950
1 0.551532 0.555901 0.044568 0.527950
0 0.595636 0.611801 0.041783 0.763975
1 0.682451 0.531056 0.044568 0.527950
1 0.758124 0.543478 0.045497 0.527950
0 0.802228 0.599379 0.040854 0.726708
1 0.888579 0.475155 0.048282 0.527950
0 0.936397 0.580745 0.045497 0.627329
