1 0.064186 0.496914 0.044651 0.549383
0 0.109302 0.586420 0.043721 0.679012
1 0.206512 0.481481 0.046512 0.518519
0 0.252093 0.567901 0.042791 0.654321
1 0.334419 0.500000 0.047442 0.506173
0 0.380930 0.583333 0.043721 0.685185
1 0.477209 0.487654 0.046512 0.543210
0 0.522791 0.583333 0.042791 0.685185
1 0.603721 0.493827 0.046512 0.493827
0 0.651163 0.583333 0.040930 0.685185
1 0.748837 0.490741 0.048372 0.524691
1 0.838605 0.453704 0.047442 0.537037
0 0.883256 0.589506 0.041860 0.709877
1 0.966977 0.472222 0.047442 0.537037
