1 0.151341 0.490798 0.047893 0.552147
0 0.197797 0.601227 0.045019 0.723926
1 0.274904 0.484663 0.045977 0.490798
0 0.321839 0.585890 0.044061 0.730061
1 0.409004 0.475460 0.045977 0.509202
0 0.455460 0.533742 0.046935 0.601227
1 0.542625 0.463190 0.046935 0.521472
0 0.590038 0.567485 0.044061 0.693252
1 0.686303 0.460123 0.050766 0.552147
0 0.734674 0.561350 0.042146 0.791411
1 0.813218 0.447853 0.047893 0.527607
0 0.860153 0.552147 0.045977 0.723926
1 0.953065 0.484663 0.047893 0.552147
0 0.063697 0.592025 0.041188 0.631902
