0 0.064695 0.551282 0.031423 0.866667
0 0.157579 0.417949 0.043438 0.394872
1 0.252773 0.402564 0.045287 0.425641
0 0.297597 0.466667 0.042514 0.533333
1 0.389094 0.397436 0.046211 0.405128
0 0.433457 0.515385 0.044362 0.569231
1 0.518946 0.407692 0.047135 0.476923
0 0.565157 0.482051 0.045287 0.564103
1 0.660351 0.387179 0.047135 0.425641
0 0.707486 0.469231 0.043438 0.487179
1 0.797135 0.400000 0.045287 0.410256
0 0.842421 0.453846 0.045287 0.528205
1 0.932994 0.402564 0.047135 0.456410
0 0.093346 0.615385 0.024030 0.769231
