0 0.075701 0.482500 0.037383 0.465000
0 0.112150 0.537500 0.033645 0.655000
1 0.207944 0.397500 0.045794 0.505000
0 0.249065 0.460000 0.036449 0.550000
0 0.280841 0.485000 0.025234 0.740000
0 0.305140 0.525000 0.027103 0.890000
1 0.364486 0.315000 0.041121 0.480000
1 0.449065 0.345000 0.047664 0.460000
0 0.491121 0.432500 0.036449 0.475000
0 0.524766 0.447500 0.032710 0.605000
1 0.604206 0.422500 0.045794 0.475000
0 0.648598 0.490000 0.042991 0.520000
1 0.723832 0.462500 0.043925 0.485000
0 0.765888 0.500000 0.036449 0.480000
0 0.800000 0.522500 0.031776 0.705000
1 0.882243 0.432500 0.046729 0.505000
0 0.926168 0.480000 0.039252 0.460000
