1 0.141325 0.459538 0.047575 0.583815
0 0.187034 0.485549 0.041978 0.543353
1 0.259795 0.514451 0.047575 0.554913
0 0.307369 0.465318 0.043843 0.595376
1 0.383862 0.476879 0.047575 0.549133
0 0.430504 0.485549 0.045709 0.601156
1 0.505597 0.491329 0.050373 0.578035
0 0.552705 0.543353 0.043843 0.508671
1 0.637127 0.505780 0.044776 0.549133
0 0.683769 0.514451 0.042910 0.554913
1 0.766325 0.488439 0.047575 0.526012
0 0.814366 0.534682 0.044776 0.502890
1 0.898787 0.497110 0.047575 0.566474
0 0.945896 0.557803 0.046642 0.549133
