1 0.188601 0.413158 0.041705 0.436842
0 0.231696 0.455263 0.038925 0.510526
1 0.308156 0.405263 0.045412 0.473684
0 0.351251 0.473684 0.040778 0.442105
1 0.425857 0.365789 0.041705 0.405263
0 0.470806 0.418421 0.042632 0.436842
1 0.550046 0.444737 0.047266 0.436842
0 0.594532 0.510526 0.037998 0.526316
1 0.665431 0.500000 0.044486 0.547368
0 0.709453 0.618421 0.037998 0.563158
1 0.782206 0.536842 0.044486 0.463158
0 0.824374 0.573684 0.039852 0.484211
1 0.891566 0.457895 0.046339 0.463158
1 0.950880 0.565789 0.044486 0.426316
