1 0.064361 0.544828 0.046110 0.593103
0 0.109030 0.603448 0.041306 0.600000
1 0.189721 0.548276 0.047070 0.600000
0 0.236311 0.624138 0.044188 0.586207
1 0.316042 0.579310 0.046110 0.579310
0 0.360231 0.610345 0.042267 0.600000
1 0.433718 0.575862 0.045149 0.586207
0 0.478866 0.658621 0.045149 0.544828
1 0.564841 0.579310 0.046110 0.620690
0 0.609990 0.631034 0.042267 0.544828
1 0.691162 0.555172 0.047070 0.586207
0 0.737752 0.634483 0.046110 0.565517
1 0.821806 0.572414 0.047070 0.634483
1 0.912104 0.551724 0.048991 0.648276
