1 0.114068 0.446629 0.047529 0.511236
0 0.161122 0.516854 0.044677 0.494382
1 0.244297 0.483146 0.047529 0.460674
0 0.289924 0.522472 0.043726 0.505618
1 0.365019 0.488764 0.047529 0.471910
0 0.409696 0.491573 0.043726 0.477528
1 0.489068 0.480337 0.046578 0.533708
0 0.534696 0.522472 0.042776 0.505618
1 0.617395 0.483146 0.046578 0.483146
0 0.662548 0.525281 0.045627 0.589888
1 0.743821 0.483146 0.046578 0.494382
0 0.790399 0.508427 0.040875 0.466292
1 0.867395 0.480337 0.044677 0.500000
0 0.913023 0.528090 0.042776 0.460674
