0 0.068571 0.511050 0.043810 0.447514
1 0.150952 0.441989 0.046667 0.453039
1 0.227143 0.453039 0.046667 0.475138
0 0.272381 0.513812 0.041905 0.530387
1 0.351905 0.411602 0.046667 0.502762
0 0.464762 0.552486 0.040000 0.453039
1 0.531905 0.516575 0.048571 0.414365
1 0.589048 0.488950 0.044762 0.502762
0 0.631429 0.453039 0.036190 0.530387
1 0.700952 0.483425 0.045714 0.480663
1 0.763333 0.488950 0.046667 0.480663
0 0.805238 0.513812 0.037143 0.530387
1 0.881429 0.494475 0.044762 0.480663
1 0.947143 0.483425 0.046667 0.513812
