1 0.050524 0.496815 0.045758 0.560510
1 0.116301 0.487261 0.047664 0.541401
0 0.160629 0.538217 0.040991 0.605096
1 0.237846 0.477707 0.046711 0.547771
1 0.309342 0.484076 0.046711 0.585987
0 0.354623 0.560510 0.043851 0.484076
1 0.433746 0.493631 0.047664 0.554140
1 0.510963 0.500000 0.047664 0.566879
0 0.555767 0.579618 0.041945 0.611465
1 0.635844 0.515924 0.047664 0.535032
0 0.683031 0.560510 0.042898 0.458599
1 0.760724 0.503185 0.045758 0.547771
1 0.831268 0.522293 0.047664 0.573248
0 0.876549 0.624204 0.042898 0.560510
1 0.951859 0.512739 0.046711 0.592357
