0 0.074669 0.573171 0.045369 0.463415
1 0.153119 0.536585 0.047259 0.524390
0 0.201323 0.585366 0.043478 0.463415
1 0.282136 0.509146 0.044423 0.506098
0 0.327977 0.570122 0.045369 0.542683
1 0.416824 0.518293 0.049149 0.548780
0 0.464083 0.573171 0.043478 0.475610
1 0.542533 0.542683 0.047259 0.500000
0 0.586957 0.564024 0.043478 0.469512
1 0.634216 0.524390 0.039698 0.524390
1 0.737240 0.472561 0.049149 0.615854
0 0.782609 0.533537 0.041588 0.530488
1 0.870038 0.487805 0.048204 0.585366
0 0.918242 0.585366 0.040643 0.487805
