0 0.066132 0.536585 0.050100 0.487805
1 0.152806 0.472561 0.051102 0.542683
0 0.202405 0.551829 0.048096 0.518293
1 0.284569 0.500000 0.048096 0.536585
0 0.334168 0.585366 0.047094 0.560976
0 0.421343 0.496951 0.049098 0.628049
0 0.469439 0.576220 0.047094 0.530488
1 0.556613 0.560976 0.047094 0.475610
0 0.605711 0.585366 0.049098 0.512195
1 0.693888 0.512195 0.053106 0.634146
0 0.745491 0.594512 0.048096 0.542683
1 0.831663 0.539634 0.052104 0.591463
0 0.883768 0.591463 0.050100 0.512195
1 0.960421 0.557927 0.049098 0.530488
