1 0.051393 0.518519 0.048991 0.543210
0 0.098943 0.555556 0.044188 0.543210
1 0.178194 0.493827 0.048991 0.592593
1 0.260807 0.496914 0.045149 0.574074
0 0.306436 0.583333 0.044188 0.561728
1 0.387608 0.493827 0.047070 0.567901
0 0.434678 0.533951 0.045149 0.549383
1 0.515850 0.490741 0.048031 0.586420
0 0.562920 0.546296 0.044188 0.450617
1 0.634486 0.546296 0.048991 0.500000
0 0.681556 0.521605 0.045149 0.586420
1 0.761287 0.527778 0.045149 0.512346
0 0.808357 0.580247 0.045149 0.469136
1 0.891451 0.503086 0.046110 0.549383
0 0.936599 0.552469 0.044188 0.475309
