0 0.045499 0.600629 0.044530 0.534591
1 0.129235 0.512579 0.047435 0.597484
0 0.176186 0.584906 0.044530 0.528302
1 0.258470 0.575472 0.050339 0.547170
0 0.307841 0.562893 0.044530 0.522013
1 0.385770 0.550314 0.049371 0.522013
0 0.432720 0.550314 0.044530 0.534591
1 0.521781 0.531447 0.050339 0.584906
0 0.568732 0.550314 0.043562 0.584906
1 0.659245 0.537736 0.048403 0.534591
0 0.706196 0.588050 0.045499 0.509434
1 0.791868 0.500000 0.048403 0.522013
0 0.841239 0.550314 0.046467 0.559748
1 0.924976 0.493711 0.047435 0.597484
0 0.972894 0.591195 0.044530 0.553459
