1 0.083493 0.627586 0.046065 0.510345
0 0.130518 0.624138 0.044146 0.558621
1 0.200576 0.617241 0.046065 0.572414
0 0.247121 0.558621 0.047025 0.648276
1 0.333493 0.558621 0.047025 0.565517
0 0.380518 0.603448 0.047025 0.544828
1 0.463052 0.527586 0.047025 0.613793
0 0.510077 0.631034 0.045106 0.600000
1 0.593090 0.565517 0.047985 0.565517
0 0.640595 0.617241 0.045106 0.544828
1 0.724088 0.531034 0.048944 0.620690
0 0.770633 0.600000 0.044146 0.620690
1 0.859405 0.568966 0.048944 0.655172
0 0.905950 0.627586 0.046065 0.565517
