0 0.027540 0.454315 0.043685 0.421320
0 0.071700 0.522843 0.044634 0.406091
1 0.140076 0.454315 0.046534 0.411168
0 0.185660 0.507614 0.040836 0.385787
1 0.246439 0.459391 0.046534 0.421320
0 0.291548 0.484772 0.043685 0.370558
1 0.352327 0.467005 0.045584 0.406091
0 0.396486 0.467005 0.044634 0.385787
1 0.458689 0.439086 0.045584 0.431472
0 0.503799 0.494924 0.044634 0.360406
1 0.576448 0.449239 0.047483 0.431472
0 0.622032 0.510152 0.045584 0.401015
1 0.694207 0.467005 0.047483 0.395939
0 0.740741 0.502538 0.043685 0.426396
1 0.814340 0.418782 0.046534 0.441624
0 0.859924 0.487310 0.042735 0.375635
1 0.930674 0.434010 0.045584 0.472081
0 0.976258 0.505076 0.041785 0.380711
