1 0.063592 0.493827 0.049515 0.543210
0 0.109709 0.589506 0.042718 0.462963
1 0.195631 0.540123 0.047573 0.524691
0 0.243204 0.601852 0.045631 0.524691
1 0.326214 0.527778 0.048544 0.561728
0 0.374757 0.595679 0.044660 0.500000
1 0.461165 0.549383 0.048544 0.555556
0 0.509223 0.595679 0.047573 0.438272
1 0.590291 0.564815 0.046602 0.487654
0 0.637379 0.601852 0.045631 0.475309
1 0.721845 0.552469 0.047573 0.487654
0 0.769417 0.620370 0.043689 0.512346
1 0.859223 0.558642 0.050485 0.500000
0 0.905825 0.641975 0.042718 0.506173
