1 0.062438 0.487879 0.048951 0.539394
0 0.110390 0.566667 0.044955 0.490909
1 0.196803 0.490909 0.047952 0.569697
0 0.246254 0.575758 0.046953 0.557576
1 0.334665 0.500000 0.049950 0.527273
0 0.384116 0.557576 0.044955 0.533333
1 0.470529 0.439394 0.049950 0.515152
0 0.518981 0.548485 0.044955 0.466667
1 0.598901 0.484848 0.048951 0.533333
0 0.646853 0.569697 0.046953 0.521212
1 0.731269 0.475758 0.049950 0.551515
0 0.779720 0.575758 0.048951 0.424242
1 0.858641 0.509091 0.048951 0.496970
0 0.907093 0.596970 0.047952 0.454545
