1 0.105138 0.565517 0.046622 0.606897
0 0.150809 0.644828 0.042816 0.517241
1 0.235966 0.555172 0.051380 0.558621
0 0.283064 0.624138 0.040913 0.613793
1 0.364415 0.555172 0.047574 0.586207
0 0.410561 0.634483 0.042816 0.524138
1 0.493340 0.541379 0.048525 0.586207
0 0.539962 0.641379 0.042816 0.579310
1 0.621789 0.551724 0.044719 0.606897
0 0.666984 0.644828 0.045671 0.586207
1 0.754044 0.527586 0.048525 0.600000
0 0.800666 0.620690 0.042816 0.620690
1 0.891532 0.534483 0.049477 0.627586
0 0.938154 0.617241 0.041865 0.572414
