1 0.065278 0.411616 0.043519 0.388889
0 0.111111 0.474747 0.038889 0.414141
1 0.193981 0.421717 0.043519 0.419192
1 0.281019 0.419192 0.043519 0.383838
1 0.356019 0.441919 0.045370 0.409091
0 0.404167 0.484848 0.039815 0.434343
1 0.476852 0.434343 0.042593 0.424242
0 0.525463 0.469697 0.037963 0.393939
1 0.600000 0.421717 0.044444 0.398990
1 0.676852 0.404040 0.048148 0.444444
0 0.721759 0.494949 0.037963 0.494949
1 0.791204 0.434343 0.045370 0.444444
1 0.853241 0.439394 0.045370 0.414141
0 0.898611 0.502525 0.037963 0.419192
1 0.962037 0.416667 0.046296 0.409091
