1 0.093895 0.405612 0.045328 0.392857
1 0.158187 0.382653 0.048104 0.418367
1 0.222942 0.400510 0.046253 0.413265
1 0.291859 0.377551 0.045328 0.438776
1 0.361240 0.395408 0.045328 0.403061
0 0.408881 0.502551 0.040703 0.433673
1 0.476873 0.418367 0.045328 0.367347
0 0.525439 0.405612 0.038853 0.403061
1 0.586957 0.385204 0.043478 0.392857
1 0.654949 0.385204 0.046253 0.413265
0 0.700278 0.469388 0.038853 0.408163
1 0.766420 0.395408 0.049029 0.362245
1 0.831637 0.395408 0.044403 0.403061
0 0.875578 0.492347 0.037928 0.423469
1 0.943571 0.415816 0.044403 0.372449
