1 0.052142 0.411330 0.042831 0.389163
1 0.115922 0.396552 0.047486 0.369458
0 0.159683 0.463054 0.038175 0.334975
1 0.249069 0.389163 0.043762 0.403941
0 0.331006 0.416256 0.040037 0.379310
1 0.406425 0.403941 0.041899 0.384236
0 0.482309 0.416256 0.037244 0.379310
0 0.527467 0.445813 0.038175 0.428571
1 0.674115 0.376847 0.042831 0.349754
0 0.717877 0.450739 0.035382 0.389163
1 0.790503 0.381773 0.044693 0.389163
1 0.851024 0.364532 0.046555 0.423645
0 0.897114 0.386700 0.038175 0.438424
1 0.966946 0.352217 0.045624 0.389163
