0 0.078154 0.474227 0.030132 0.484536
0 0.128531 0.556701 0.036723 0.577320
1 0.200565 0.396907 0.047081 0.422680
0 0.248588 0.469072 0.037665 0.422680
1 0.313559 0.373711 0.048964 0.458763
1 0.370998 0.371134 0.043315 0.412371
0 0.413842 0.384021 0.036723 0.438144
1 0.482580 0.342784 0.042373 0.427835
0 0.530132 0.417526 0.037665 0.443299
1 0.599341 0.427835 0.036723 0.474227
1 0.655367 0.443299 0.043315 0.443299
0 0.690207 0.461340 0.016949 0.448454
1 0.775424 0.363402 0.046139 0.500000
1 0.838983 0.389175 0.047081 0.448454
0 0.882298 0.394330 0.033898 0.458763
1 0.954331 0.358247 0.040490 0.448454
