0 0.061792 0.410550 0.036792 0.536697
0 0.094811 0.366972 0.027358 0.513761
0 0.125000 0.465596 0.033019 0.582569
0 0.159434 0.440367 0.033962 0.587156
1 0.232547 0.341743 0.046226 0.408257
0 0.278302 0.426606 0.037736 0.422018
1 0.364623 0.316514 0.048113 0.422018
0 0.413679 0.311927 0.033019 0.440367
0 0.446698 0.449541 0.031132 0.614679
1 0.489623 0.325688 0.043396 0.431193
0 0.530660 0.426606 0.036792 0.495413
1 0.618868 0.341743 0.049057 0.389908
1 0.704717 0.318807 0.045283 0.426606
0 0.750000 0.399083 0.035849 0.449541
0 0.784434 0.431193 0.031132 0.577982
0 0.860849 0.337156 0.040566 0.399083
0 0.903774 0.417431 0.039623 0.422018
0 0.938208 0.399083 0.031132 0.422018
