1 0.101974 0.430052 0.047932 0.362694
1 0.179981 0.430052 0.046053 0.321244
0 0.226504 0.466321 0.039474 0.383420
1 0.297932 0.448187 0.045113 0.326425
1 0.370771 0.445596 0.044173 0.352332
0 0.417763 0.515544 0.036654 0.378238
1 0.483553 0.453368 0.044173 0.398964
0 0.530075 0.476684 0.037594 0.466321
1 0.594925 0.398964 0.045113 0.373057
1 0.655075 0.365285 0.045113 0.378238
0 0.699248 0.396373 0.035714 0.378238
0 0.767387 0.323834 0.047932 0.409326
0 0.829887 0.331606 0.045113 0.373057
0 0.873590 0.492228 0.036654 0.373057
1 0.951598 0.512953 0.049812 0.383420
