1 0.076137 0.400000 0.044568 0.389744
0 0.123027 0.471795 0.039926 0.389744
1 0.190808 0.394872 0.049211 0.410256
0 0.239554 0.474359 0.040854 0.456410
1 0.305014 0.379487 0.045497 0.400000
0 0.352368 0.451282 0.036212 0.369231
1 0.413185 0.366667 0.042711 0.353846
1 0.473073 0.358974 0.043640 0.400000
0 0.518570 0.466667 0.036212 0.358974
1 0.615599 0.389744 0.053853 0.379487
0 0.714949 0.323077 0.040854 0.420513
0 0.758589 0.443590 0.040854 0.456410
1 0.836583 0.405128 0.046425 0.379487
1 0.928969 0.430769 0.045497 0.400000
0 0.975395 0.479487 0.036212 0.435897
