1 0.083021 0.590674 0.042214 0.373057
1 0.141182 0.544041 0.044090 0.424870
0 0.181520 0.502591 0.030957 0.404145
1 0.245779 0.474093 0.046904 0.440415
1 0.306285 0.479275 0.044090 0.378238
1 0.365854 0.466321 0.039400 0.373057
1 0.427298 0.430052 0.044090 0.424870
1 0.488743 0.411917 0.043152 0.450777
0 0.530019 0.458549 0.035647 0.378238
1 0.592402 0.398964 0.040338 0.393782
1 0.652908 0.375648 0.043152 0.430052
1 0.715760 0.386010 0.043152 0.388601
1 0.780488 0.383420 0.043152 0.393782
0 0.824109 0.414508 0.030957 0.352332
1 0.894465 0.365285 0.042214 0.378238
1 0.954503 0.404145 0.042214 0.362694
