0 0.055504 0.563953 0.031452 0.616279
1 0.122572 0.482558 0.045328 0.534884
1 0.180851 0.488372 0.041628 0.453488
0 0.222479 0.508721 0.036078 0.436047
1 0.291859 0.488372 0.041628 0.488372
1 0.349676 0.497093 0.042553 0.447674
1 0.481499 0.505814 0.041628 0.511628
0 0.524514 0.537791 0.042553 0.517442
1 0.604070 0.502907 0.044403 0.459302
1 0.682239 0.476744 0.045328 0.523256
1 0.767345 0.459302 0.045328 0.511628
1 0.850601 0.470930 0.047179 0.476744
1 0.931545 0.453488 0.044403 0.523256
1 0.411193 0.470930 0.043478 0.488372
