0 0.052804 0.625000 0.038318 0.527778
1 0.124766 0.548611 0.045794 0.569444
0 0.168692 0.583333 0.040187 0.527778
1 0.239252 0.562500 0.044860 0.569444
0 0.283645 0.652778 0.045794 0.541667
1 0.357944 0.579861 0.046729 0.576389
0 0.403271 0.656250 0.043925 0.604167
1 0.472897 0.631944 0.044860 0.541667
0 0.517757 0.635417 0.042991 0.534722
1 0.581776 0.715278 0.043925 0.402778
0 0.626168 0.625000 0.046729 0.527778
1 0.690654 0.593750 0.044860 0.506944
0 0.735981 0.611111 0.045794 0.513889
1 0.799533 0.531250 0.043925 0.576389
0 0.843458 0.611111 0.040187 0.541667
1 0.907944 0.552083 0.045794 0.590278
0 0.953738 0.684028 0.042056 0.562500
