0 0.033681 0.627329 0.040797 0.509317
1 0.107685 0.531056 0.044592 0.552795
0 0.152277 0.608696 0.042694 0.509317
1 0.221063 0.559006 0.045541 0.509317
0 0.263757 0.602484 0.037951 0.496894
0 0.299336 0.608696 0.031309 0.695652
1 0.366698 0.537267 0.044592 0.490683
1 0.434535 0.534161 0.045541 0.534161
0 0.478653 0.546584 0.040797 0.534161
1 0.556926 0.546584 0.047438 0.509317
0 0.603416 0.565217 0.041746 0.484472
1 0.680266 0.546584 0.045541 0.509317
1 0.756167 0.555901 0.045541 0.515528
0 0.800759 0.602484 0.039848 0.559006
1 0.880455 0.537267 0.045541 0.552795
0 0.923150 0.562112 0.037951 0.515528
0 0.961101 0.593168 0.032258 0.763975
