0 0.032045 0.598101 0.035815 0.487342
1 0.102733 0.512658 0.045240 0.556962
1 0.169180 0.515823 0.046183 0.550633
0 0.220547 0.639241 0.049010 0.569620
1 0.300660 0.515823 0.043355 0.537975
0 0.349199 0.525316 0.040528 0.569620
1 0.426013 0.518987 0.043355 0.518987
0 0.475024 0.525316 0.037700 0.493671
1 0.547125 0.506329 0.046183 0.556962
0 0.595193 0.563291 0.040528 0.481013
1 0.672008 0.509494 0.045240 0.613924
0 0.721960 0.550633 0.039585 0.506329
1 0.797832 0.496835 0.044298 0.575949
0 0.854854 0.594937 0.037700 0.670886
1 0.924599 0.512658 0.045240 0.607595
0 0.971254 0.553797 0.038643 0.398734
