0 0.062322 0.565868 0.037108 0.556886
1 0.131304 0.562874 0.043768 0.538922
0 0.177450 0.604790 0.042816 0.514970
1 0.239772 0.502994 0.043768 0.538922
0 0.284015 0.547904 0.044719 0.449102
1 0.352046 0.470060 0.047574 0.544910
1 0.408658 0.488024 0.044719 0.508982
0 0.450999 0.508982 0.039962 0.455090
1 0.524738 0.494012 0.044719 0.532934
0 0.625119 0.482036 0.034253 0.497006
0 0.740247 0.517964 0.043768 0.389222
1 0.803996 0.476048 0.047574 0.508982
1 0.860133 0.491018 0.043768 0.502994
0 0.900571 0.538922 0.035205 0.502994
1 0.970029 0.505988 0.046622 0.449102
