0 0.034696 0.558442 0.040875 0.506494
1 0.113118 0.538961 0.045627 0.519481
0 0.154468 0.561688 0.027567 0.538961
1 0.256654 0.564935 0.045627 0.506494
0 0.305133 0.597403 0.039924 0.467532
1 0.392110 0.564935 0.048479 0.506494
0 0.437738 0.555195 0.038973 0.461039
1 0.518536 0.532468 0.046578 0.506494
0 0.566065 0.568182 0.037072 0.500000
0 0.649240 0.568182 0.047529 0.487013
0 0.696293 0.538961 0.040875 0.519481
1 0.771863 0.496753 0.047529 0.603896
0 0.818916 0.590909 0.040875 0.519481
1 0.890684 0.516234 0.045627 0.538961
0 0.940589 0.490260 0.038973 0.603896
