0 0.032875 0.491071 0.040236 0.553571
1 0.127576 0.502976 0.047105 0.541667
1 0.202159 0.497024 0.045142 0.505952
0 0.250245 0.523810 0.039254 0.488095
1 0.328263 0.473214 0.046124 0.517857
0 0.378312 0.547619 0.040236 0.500000
1 0.454858 0.476190 0.046124 0.535714
0 0.502944 0.526786 0.040236 0.434524
0 0.537291 0.604167 0.032385 0.708333
0 0.582434 0.494048 0.042198 0.583333
0 0.633464 0.479167 0.040236 0.553571
1 0.722767 0.514881 0.046124 0.482143
0 0.771835 0.488095 0.038273 0.535714
1 0.848381 0.511905 0.050049 0.464286
0 0.898430 0.494048 0.044161 0.511905
