1 0.051891 0.503311 0.047527 0.556291
0 0.101358 0.596026 0.041707 0.490066
1 0.178952 0.529801 0.045587 0.569536
0 0.227449 0.519868 0.043647 0.523179
1 0.298254 0.559603 0.045587 0.509934
0 0.347721 0.523179 0.035887 0.543046
1 0.414646 0.569536 0.043647 0.529801
0 0.463628 0.519868 0.040737 0.576159
1 0.546557 0.579470 0.049467 0.496689
0 0.587294 0.556291 0.026188 0.516556
0 0.636760 0.619205 0.037827 0.761589
0 0.679437 0.579470 0.039767 0.509934
0 0.722114 0.612583 0.035887 0.549669
1 0.812318 0.562914 0.045587 0.516556
0 0.860815 0.562914 0.039767 0.490066
1 0.941804 0.579470 0.046557 0.523179
