1 0.141294 0.429293 0.044719 0.393939
0 0.019505 0.568182 0.023787 0.833333
0 0.043292 0.583333 0.023787 0.833333
0 0.185062 0.464646 0.040913 0.353535
1 0.261656 0.404040 0.047574 0.434343
0 0.309229 0.449495 0.038059 0.383838
1 0.378687 0.406566 0.045671 0.409091
0 0.426261 0.449495 0.038059 0.343434
1 0.490010 0.441919 0.047574 0.378788
0 0.539010 0.414141 0.040913 0.373737
0 0.671265 0.406566 0.042816 0.429293
1 0.760228 0.441919 0.047574 0.398990
0 0.806851 0.424242 0.043768 0.393939
0 0.894862 0.434343 0.048525 0.424242
0 0.943387 0.431818 0.042816 0.388889
