1 0.031700 0.538690 0.042267 0.470238
0 0.076369 0.589286 0.033622 0.440476
1 0.132565 0.482143 0.042267 0.488095
0 0.175793 0.556548 0.034582 0.505952
1 0.253602 0.431548 0.044188 0.541667
0 0.297310 0.437500 0.037464 0.541667
1 0.367435 0.419643 0.041306 0.470238
0 0.415466 0.562500 0.037464 0.422619
1 0.494717 0.485119 0.044188 0.529762
0 0.540826 0.547619 0.036503 0.440476
1 0.614793 0.401786 0.040346 0.458333
0 0.661383 0.508929 0.037464 0.482143
1 0.728146 0.529762 0.044188 0.488095
0 0.774736 0.651786 0.033622 0.625000
1 0.852065 0.500000 0.042267 0.476190
0 0.897695 0.508929 0.037464 0.565476
1 0.959654 0.464286 0.042267 0.476190
