1 0.128145 0.470588 0.043802 0.395722
0 0.173812 0.489305 0.034483 0.593583
1 0.249301 0.323529 0.045666 0.401070
0 0.294967 0.409091 0.036347 0.508021
1 0.356477 0.494652 0.043802 0.401070
0 0.402610 0.566845 0.035415 0.449198
1 0.465983 0.497326 0.044734 0.395722
1 0.510252 0.494652 0.036347 0.411765
1 0.609506 0.446524 0.044734 0.422460
0 0.697111 0.451872 0.041007 0.411765
0 0.739981 0.524064 0.041007 0.481283
1 0.815005 0.449198 0.043802 0.385027
0 0.861603 0.481283 0.034483 0.406417
1 0.936160 0.334225 0.045666 0.358289
1 0.031221 0.491979 0.043802 0.395722
