1 0.037143 0.494475 0.045714 0.381215
0 0.084286 0.544199 0.037143 0.524862
1 0.154286 0.450276 0.045714 0.414365
0 0.201429 0.508287 0.037143 0.607735
1 0.264762 0.414365 0.045714 0.453039
0 0.311905 0.472376 0.035238 0.480663
0 0.351905 0.414365 0.033333 0.453039
1 0.412857 0.494475 0.039048 0.414365
0 0.457619 0.558011 0.037143 0.464088
1 0.534286 0.450276 0.045714 0.480663
0 0.579524 0.527624 0.039048 0.535912
1 0.656667 0.441989 0.046667 0.397790
0 0.702857 0.480663 0.041905 0.519337
1 0.778095 0.428177 0.043810 0.458564
0 0.825714 0.574586 0.040000 0.541436
0 0.892857 0.450276 0.029524 0.491713
0 0.924286 0.533149 0.031429 0.712707
0 0.951905 0.563536 0.029524 0.685083
