1 0.087369 0.493506 0.043685 0.532468
1 0.155271 0.500000 0.042735 0.519481
0 0.198481 0.551948 0.041785 0.428571
1 0.277303 0.542208 0.043685 0.487013
1 0.343780 0.512987 0.045584 0.493506
1 0.408357 0.522727 0.043685 0.448052
0 0.452042 0.568182 0.039886 0.409091
1 0.526116 0.525974 0.043685 0.428571
1 0.589269 0.532468 0.042735 0.480519
1 0.655271 0.535714 0.043685 0.448052
0 0.699430 0.548701 0.040836 0.435065
1 0.778253 0.477273 0.046534 0.512987
1 0.842355 0.457792 0.043685 0.538961
0 0.884615 0.610390 0.037037 0.662338
1 0.961538 0.480519 0.044634 0.519481
