1 0.140859 0.404321 0.043956 0.561728
0 0.180819 0.444444 0.033966 0.543210
1 0.243257 0.395062 0.044955 0.506173
1 0.299201 0.401235 0.042957 0.518519
0 0.340160 0.509259 0.034965 0.487654
1 0.404096 0.503086 0.042957 0.524691
0 0.450549 0.635802 0.037962 0.530864
0 0.557942 0.620370 0.036963 0.549383
1 0.619381 0.512346 0.047952 0.543210
0 0.661838 0.629630 0.040959 0.740741
1 0.731768 0.496914 0.046953 0.512346
0 0.777722 0.632716 0.034965 0.549383
1 0.833666 0.527778 0.046953 0.549383
1 0.891109 0.484568 0.043956 0.512346
0 0.933566 0.589506 0.030969 0.512346
