1 0.023607 0.439086 0.037771 0.431472
0 0.061851 0.494924 0.027384 0.421320
0 0.089235 0.472081 0.027384 0.467005
0 0.118980 0.454315 0.028329 0.512690
1 0.153919 0.515228 0.041549 0.380711
0 0.187441 0.441624 0.025496 0.456853
1 0.242682 0.449239 0.039660 0.411168
0 0.281870 0.489848 0.027384 0.472081
0 0.310198 0.550761 0.027384 0.776650
0 0.419263 0.555838 0.028329 0.451777
0 0.448536 0.535533 0.028329 0.725888
0 0.475449 0.395939 0.027384 0.446701
0 0.517469 0.500000 0.032106 0.461929
0 0.550047 0.416244 0.029273 0.578680
0 0.577432 0.413706 0.027384 0.482234
0 0.604344 0.459391 0.026440 0.411168
0 0.714825 0.474619 0.026440 0.441624
0 0.814920 0.484772 0.028329 0.492386
0 0.846081 0.472081 0.032106 0.710660
0 0.880548 0.459391 0.029273 0.441624
0 0.913126 0.510152 0.028329 0.350254
0 0.937205 0.421320 0.019830 0.527919
1 0.970255 0.484772 0.029273 0.492386
