1 0.126741 0.471519 0.045497 0.525316
0 0.180130 0.452532 0.035283 0.563291
1 0.285051 0.503165 0.044568 0.525316
1 0.352832 0.544304 0.044568 0.531646
0 0.395079 0.547468 0.034355 0.449367
0 0.428969 0.531646 0.031569 0.506329
1 0.500929 0.481013 0.045497 0.518987
1 0.562210 0.477848 0.043640 0.537975
0 0.606314 0.531646 0.035283 0.506329
0 0.639276 0.550633 0.030641 0.544304
1 0.712628 0.496835 0.047354 0.525316
1 0.780873 0.471519 0.044568 0.563291
0 0.826370 0.553797 0.035283 0.487342
0 0.860260 0.525316 0.032498 0.556962
1 0.928041 0.515823 0.045497 0.512658
