1 0.112167 0.382775 0.047529 0.421053
1 0.192490 0.389952 0.046578 0.397129
0 0.246198 0.382775 0.036122 0.334928
1 0.359316 0.387560 0.047529 0.392344
0 0.430133 0.361244 0.038973 0.473684
0 0.473859 0.476077 0.031369 0.521531
0 0.503802 0.559809 0.028517 0.880383
0 0.534696 0.586124 0.033270 0.799043
0 0.597433 0.382775 0.042776 0.430622
0 0.689639 0.380383 0.038973 0.397129
0 0.649715 0.454545 0.037072 0.363636
0 0.732414 0.382775 0.033270 0.459330
0 0.770913 0.354067 0.030418 0.421053
1 0.867871 0.366029 0.047529 0.464115
1 0.975760 0.392344 0.044677 0.392344
