0 0.066507 0.592025 0.033493 0.619632
1 0.135407 0.518405 0.044976 0.595092
1 0.204306 0.463190 0.044976 0.484663
0 0.252632 0.582822 0.036364 0.588957
1 0.325837 0.496933 0.048804 0.453988
1 0.392344 0.481595 0.047847 0.435583
1 0.461244 0.484663 0.047847 0.478528
0 0.509569 0.610429 0.039234 0.582822
1 0.589474 0.493865 0.049761 0.509202
1 0.662679 0.463190 0.046890 0.509202
0 0.711962 0.592025 0.034450 0.570552
1 0.791388 0.466258 0.047847 0.478528
1 0.870813 0.493865 0.047847 0.472393
0 0.921053 0.576687 0.033493 0.564417
