1 0.060172 0.469325 0.047755 0.460123
0 0.109838 0.598160 0.036294 0.582822
1 0.180993 0.453988 0.044890 0.515337
1 0.255014 0.453988 0.045845 0.503067
0 0.304680 0.546012 0.036294 0.478528
1 0.381089 0.475460 0.045845 0.521472
1 0.451289 0.487730 0.046800 0.460123
0 0.500955 0.564417 0.035339 0.552147
1 0.579274 0.466258 0.046800 0.478528
0 0.660936 0.484663 0.045845 0.478528
0 0.711557 0.588957 0.030564 0.564417
1 0.785100 0.469325 0.047755 0.484663
1 0.861987 0.466258 0.048711 0.466258
0 0.913563 0.601227 0.035339 0.625767
1 0.977077 0.503067 0.045845 0.490798
