0 0.096369 0.459770 0.038175 0.471264
1 0.138268 0.433908 0.045624 0.545977
1 0.198324 0.497126 0.044693 0.454023
0 0.243948 0.543103 0.031657 0.373563
1 0.330074 0.485632 0.047486 0.454023
1 0.420857 0.479885 0.044693 0.511494
0 0.466015 0.566092 0.028864 0.454023
0 0.495810 0.577586 0.030726 0.752874
1 0.551210 0.451149 0.037244 0.408046
0 0.594507 0.456897 0.030726 0.442529
1 0.675512 0.451149 0.045624 0.488506
1 0.745810 0.445402 0.044693 0.545977
0 0.789572 0.543103 0.029795 0.500000
0 0.820298 0.528736 0.029795 0.597701
0 0.850559 0.465517 0.030726 0.528736
0 0.887337 0.514368 0.033520 0.419540
0 0.920857 0.497126 0.031657 0.442529
1 0.973929 0.479885 0.040968 0.465517
