1 0.063158 0.393258 0.045933 0.483146
0 0.110048 0.525281 0.034450 0.679775
0 0.142584 0.500000 0.032536 0.606742
0 0.176555 0.485955 0.033493 0.533708
0 0.208134 0.441011 0.029665 0.544944
1 0.281340 0.530899 0.047847 0.466292
1 0.347368 0.505618 0.045933 0.483146
0 0.390909 0.441011 0.031579 0.511236
1 0.474641 0.424157 0.045933 0.421348
0 0.524402 0.488764 0.034450 0.460674
1 0.606699 0.401685 0.045933 0.455056
1 0.693301 0.415730 0.043062 0.460674
0 0.741148 0.505618 0.029665 0.471910
0 0.771292 0.502809 0.030622 0.668539
0 0.813397 0.426966 0.034450 0.449438
0 0.856938 0.455056 0.033493 0.449438
1 0.948804 0.415730 0.048804 0.460674
