0 0.044634 0.527500 0.026591 0.635000
1 0.104463 0.385000 0.043685 0.410000
1 0.195157 0.412500 0.044634 0.445000
0 0.245014 0.452500 0.032289 0.505000
1 0.325261 0.395000 0.046534 0.430000
1 0.417854 0.372500 0.045584 0.445000
0 0.466762 0.475000 0.033238 0.530000
1 0.549858 0.400000 0.047483 0.420000
0 0.597341 0.502500 0.030389 0.525000
0 0.628205 0.510000 0.033238 0.730000
0 0.690883 0.400000 0.037037 0.400000
1 0.775404 0.385000 0.042735 0.440000
0 0.820513 0.482500 0.034188 0.315000
1 0.900760 0.425000 0.044634 0.420000
