1 0.116451 0.572848 0.042514 0.523179
0 0.158503 0.579470 0.043438 0.483444
1 0.232440 0.566225 0.045287 0.456954
0 0.275416 0.602649 0.042514 0.503311
1 0.343346 0.539735 0.043438 0.509934
0 0.387246 0.609272 0.042514 0.463576
1 0.456562 0.596026 0.044362 0.476821
1 0.580407 0.596026 0.048059 0.463576
0 0.625231 0.576159 0.039741 0.582781
1 0.696858 0.599338 0.042514 0.509934
0 0.740296 0.609272 0.044362 0.463576
1 0.812847 0.592715 0.043438 0.509934
0 0.856747 0.639073 0.044362 0.536424
1 0.920980 0.549669 0.043438 0.529801
0 0.973198 0.615894 0.035120 0.476821
