0 0.114300 0.468586 0.034047 0.486911
1 0.196012 0.413613 0.045720 0.450262
0 0.248541 0.539267 0.032101 0.534031
1 0.326848 0.479058 0.046693 0.434555
1 0.408074 0.442408 0.045720 0.424084
0 0.455739 0.541885 0.030156 0.675393
0 0.487354 0.557592 0.035019 0.738220
1 0.543288 0.390052 0.047665 0.486911
1 0.625973 0.397906 0.045720 0.450262
0 0.673638 0.497382 0.035992 0.460733
1 0.749514 0.468586 0.047665 0.424084
1 0.817121 0.434555 0.048638 0.439791
0 0.865759 0.479058 0.036965 0.497382
1 0.954767 0.416230 0.047665 0.445026
