0 0.025739 0.500000 0.034318 0.561290
1 0.090562 0.490323 0.045758 0.567742
1 0.146330 0.516129 0.040991 0.580645
1 0.206387 0.503226 0.046711 0.580645
0 0.250238 0.506452 0.029552 0.509677
0 0.285033 0.558065 0.038132 0.651613
0 0.323642 0.519355 0.033365 0.625806
1 0.389418 0.632258 0.044805 0.477419
1 0.453765 0.593548 0.045758 0.529032
0 0.498093 0.590323 0.029552 0.470968
0 0.526692 0.541935 0.029552 0.632258
1 0.580553 0.532258 0.047664 0.509677
1 0.642040 0.500000 0.044805 0.574194
0 0.685891 0.551613 0.029552 0.483871
0 0.714967 0.448387 0.030505 0.600000
1 0.772164 0.493548 0.049571 0.548387
1 0.841754 0.458065 0.047664 0.619355
0 0.884652 0.551613 0.030505 0.419355
1 0.916111 0.512903 0.026692 0.548387
1 0.971878 0.470968 0.052431 0.567742
