1 0.034895 0.368687 0.044933 0.424242
1 0.117591 0.373737 0.043977 0.444444
1 0.202677 0.396465 0.042065 0.419192
0 0.247610 0.404040 0.032505 0.454545
0 0.278681 0.532828 0.031549 0.833333
0 0.305927 0.537879 0.026769 0.742424
1 0.362811 0.404040 0.041109 0.404040
0 0.406310 0.419192 0.032505 0.404040
0 0.438337 0.376263 0.029637 0.520202
0 0.474665 0.398990 0.031549 0.414141
1 0.554015 0.446970 0.046845 0.429293
1 0.631453 0.421717 0.046845 0.409091
0 0.676386 0.449495 0.029637 0.414141
0 0.706979 0.426768 0.029637 0.469697
1 0.762906 0.368687 0.045889 0.525253
1 0.839866 0.388889 0.044933 0.444444
0 0.884799 0.462121 0.031549 0.388889
0 0.914914 0.444444 0.028681 0.474747
1 0.964627 0.441919 0.045889 0.429293
