1 0.054369 0.525157 0.046602 0.547170
1 0.121845 0.531447 0.045631 0.584906
0 0.171845 0.603774 0.031068 0.477987
0 0.203883 0.591195 0.031068 0.503145
1 0.255825 0.512579 0.045631 0.509434
0 0.300485 0.569182 0.032039 0.433962
1 0.396117 0.522013 0.046602 0.553459
1 0.486893 0.540881 0.047573 0.553459
0 0.534466 0.619497 0.032039 0.647799
0 0.564563 0.625786 0.028155 0.685535
1 0.617476 0.500000 0.048544 0.559748
0 0.663107 0.569182 0.033010 0.459119
0 0.696602 0.515723 0.030097 0.578616
1 0.754369 0.528302 0.044660 0.490566
0 0.803883 0.597484 0.031068 0.553459
0 0.833981 0.515723 0.029126 0.477987
1 0.894175 0.481132 0.044660 0.547170
