0 0.085633 0.580247 0.043768 0.469136
1 0.160799 0.527778 0.045671 0.462963
0 0.206946 0.561728 0.040913 0.493827
1 0.280209 0.518519 0.046622 0.469136
0 0.325880 0.595679 0.042816 0.524691
1 0.394862 0.512346 0.047574 0.530864
0 0.440533 0.577160 0.043768 0.586420
1 0.511893 0.552469 0.047574 0.549383
0 0.558991 0.564815 0.048525 0.487654
0 0.602759 0.540123 0.035205 0.549383
1 0.681732 0.537037 0.044719 0.530864
1 0.746432 0.555556 0.044719 0.493827
0 0.789248 0.546296 0.039010 0.512346
1 0.874405 0.537037 0.049477 0.493827
1 0.945290 0.540123 0.046622 0.475309
