0 0.088179 0.535294 0.042898 0.411765
0 0.129647 0.514706 0.036225 0.335294
1 0.191134 0.564706 0.044805 0.411765
1 0.242135 0.547059 0.045758 0.435294
1 0.292660 0.564706 0.041945 0.447059
0 0.332221 0.544118 0.039085 0.405882
1 0.390848 0.494118 0.043851 0.411765
0 0.433746 0.497059 0.040038 0.405882
1 0.486654 0.470588 0.044805 0.458824
1 0.532888 0.473529 0.041945 0.429412
0 0.579600 0.497059 0.045758 0.488235
0 0.621544 0.488235 0.038132 0.564706
1 0.676835 0.482353 0.045758 0.517647
0 0.724023 0.600000 0.044805 0.541176
1 0.781697 0.529412 0.043851 0.494118
1 0.905624 0.494118 0.043851 0.517647
0 0.949952 0.582353 0.040991 0.552941
