1 0.113023 0.431694 0.045581 0.524590
0 0.158605 0.513661 0.045581 0.513661
0 0.199070 0.472678 0.033488 0.551913
1 0.288372 0.431694 0.046512 0.459016
0 0.333023 0.521858 0.042791 0.584699
1 0.417209 0.423497 0.045581 0.475410
0 0.463256 0.519126 0.044651 0.601093
1 0.558605 0.450820 0.045581 0.442623
0 0.604186 0.592896 0.043721 0.661202
1 0.694419 0.453552 0.045581 0.469945
0 0.740930 0.549180 0.043721 0.661202
1 0.838605 0.439891 0.047442 0.453552
0 0.884651 0.560109 0.040930 0.650273
0 0.922326 0.598361 0.028837 0.617486
