1 0.071429 0.458115 0.045113 0.413613
1 0.133929 0.437173 0.044173 0.424084
0 0.175752 0.465969 0.041353 0.481675
1 0.259398 0.434555 0.046992 0.397906
1 0.347274 0.442408 0.046053 0.413613
1 0.430921 0.429319 0.046053 0.408377
0 0.476974 0.534031 0.044173 0.481675
1 0.546992 0.434555 0.046992 0.408377
1 0.614192 0.395288 0.046053 0.403141
0 0.657425 0.481675 0.038534 0.513089
1 0.723684 0.429319 0.045113 0.418848
1 0.782895 0.471204 0.046992 0.418848
1 0.840695 0.471204 0.046053 0.408377
1 0.900376 0.450262 0.043233 0.387435
1 0.963816 0.445026 0.044173 0.408377
