0 0.100836 0.500000 0.041822 0.636364
1 0.186803 0.449495 0.048327 0.474747
0 0.231877 0.505051 0.039963 0.474747
1 0.306227 0.411616 0.045539 0.479798
0 0.349907 0.492424 0.038104 0.510101
0 0.395446 0.497475 0.045539 0.732323
1 0.468866 0.449495 0.043680 0.494949
0 0.508829 0.477273 0.036245 0.479798
0 0.563197 0.550505 0.035316 0.828283
0 0.610130 0.401515 0.045539 0.469697
0 0.655204 0.550505 0.042751 0.525253
1 0.742565 0.431818 0.048327 0.530303
0 0.785316 0.419192 0.037175 0.525253
0 0.838755 0.545455 0.058550 0.787879
1 0.893587 0.467172 0.045539 0.500000
0 0.937732 0.462121 0.037175 0.510101
