0 0.084958 0.572785 0.045497 0.500000
1 0.158310 0.575949 0.043640 0.506329
0 0.202878 0.563291 0.043640 0.582278
1 0.275766 0.566456 0.044568 0.550633
0 0.319870 0.575949 0.043640 0.531646
1 0.396472 0.556962 0.044568 0.518987
0 0.442433 0.575949 0.043640 0.506329
1 0.516249 0.515823 0.046425 0.537975
0 0.562674 0.534810 0.042711 0.613924
1 0.627669 0.531646 0.044568 0.531646
0 0.672238 0.534810 0.042711 0.588608
1 0.742340 0.503165 0.047354 0.563291
0 0.786908 0.547468 0.041783 0.550633
1 0.868617 0.512658 0.047354 0.582278
0 0.913649 0.550633 0.040854 0.506329
