1 0.026855 0.399510 0.045898 0.465686
0 0.071777 0.473039 0.038086 0.465686
0 0.103027 0.524510 0.024414 0.852941
0 0.131836 0.522059 0.031250 0.906863
1 0.229980 0.436275 0.047852 0.411765
1 0.298340 0.411765 0.047852 0.450980
0 0.343262 0.482843 0.041992 0.475490
1 0.424316 0.411765 0.045898 0.450980
0 0.469238 0.463235 0.043945 0.416667
1 0.545410 0.414216 0.047852 0.426471
0 0.591797 0.406863 0.041016 0.470588
1 0.678223 0.399510 0.047852 0.436275
0 0.725098 0.448529 0.043945 0.475490
1 0.806152 0.450980 0.045898 0.411765
0 0.851562 0.463235 0.046875 0.377451
1 0.934570 0.421569 0.044922 0.372549
