0 0.042871 0.587097 0.043868 0.516129
1 0.129113 0.532258 0.048853 0.535484
0 0.176969 0.622581 0.044865 0.561290
1 0.258225 0.522581 0.049850 0.619355
0 0.306580 0.574194 0.046859 0.580645
1 0.385842 0.480645 0.051844 0.587097
0 0.433699 0.590323 0.043868 0.587097
1 0.508973 0.551613 0.046859 0.587097
0 0.555833 0.616129 0.046859 0.548387
0 0.634098 0.529032 0.049850 0.580645
0 0.681456 0.619355 0.044865 0.593548
1 0.761216 0.545161 0.046859 0.587097
0 0.810568 0.612903 0.047856 0.606452
1 0.897807 0.538710 0.048853 0.587097
