0 0.056676 0.565359 0.044188 0.516340
1 0.132565 0.535948 0.046110 0.588235
0 0.179635 0.581699 0.046110 0.562092
1 0.256964 0.545752 0.047070 0.568627
0 0.302594 0.568627 0.044188 0.535948
1 0.383766 0.500000 0.047070 0.620915
0 0.429395 0.578431 0.044188 0.581699
1 0.505283 0.526144 0.046110 0.542484
0 0.550432 0.558824 0.044188 0.568627
1 0.621998 0.539216 0.045149 0.647059
0 0.667627 0.575163 0.044188 0.705882
1 0.742075 0.516340 0.047070 0.640523
0 0.787704 0.620915 0.044188 0.562092
1 0.858790 0.558824 0.044188 0.581699
1 0.926513 0.555556 0.045149 0.601307
0 0.971182 0.594771 0.042267 0.535948
