0 0.076190 0.584967 0.043810 0.555556
1 0.155238 0.539216 0.045714 0.555556
0 0.200952 0.620915 0.041905 0.509804
1 0.278095 0.526144 0.045714 0.581699
0 0.323333 0.588235 0.042857 0.522876
1 0.398095 0.588235 0.043810 0.522876
0 0.444286 0.565359 0.044762 0.477124
1 0.517143 0.571895 0.043810 0.490196
0 0.562381 0.584967 0.040952 0.516340
1 0.642381 0.575163 0.048571 0.588235
0 0.690476 0.584967 0.043810 0.555556
1 0.768571 0.558824 0.043810 0.529412
0 0.814286 0.584967 0.043810 0.607843
1 0.890952 0.552288 0.046667 0.542484
0 0.936667 0.604575 0.040952 0.529412
