0 0.058768 0.656667 0.039810 0.566667
1 0.125118 0.590000 0.045498 0.593333
1 0.184360 0.586667 0.042654 0.600000
0 0.227014 0.636667 0.038863 0.553333
1 0.300474 0.563333 0.045498 0.513333
1 0.367299 0.563333 0.044550 0.540000
0 0.409005 0.603333 0.038863 0.500000
1 0.479621 0.563333 0.043602 0.553333
1 0.541232 0.550000 0.043602 0.566667
0 0.584834 0.650000 0.041706 0.513333
1 0.663981 0.530000 0.048341 0.553333
1 0.731754 0.553333 0.047393 0.560000
0 0.774408 0.653333 0.039810 0.600000
1 0.847393 0.540000 0.045498 0.546667
1 0.921327 0.523333 0.045498 0.566667
0 0.966351 0.623333 0.042654 0.606667
