1 0.095442 0.509375 0.046534 0.506250
0 0.139601 0.609375 0.041785 0.581250
1 0.217474 0.465625 0.043685 0.581250
1 0.293922 0.475000 0.046534 0.650000
0 0.337607 0.581250 0.042735 0.625000
1 0.419753 0.515625 0.045584 0.531250
1 0.493352 0.484375 0.044634 0.593750
0 0.537512 0.590625 0.039886 0.618750
1 0.621557 0.490625 0.046534 0.556250
1 0.705128 0.496875 0.046534 0.543750
0 0.750712 0.587500 0.042735 0.612500
1 0.837607 0.475000 0.047483 0.562500
1 0.927825 0.465625 0.045584 0.581250
0 0.974359 0.556250 0.043685 0.550000
