1 0.050562 0.563291 0.044944 0.518987
1 0.121723 0.547468 0.044944 0.537975
0 0.165262 0.585443 0.038390 0.537975
1 0.231273 0.556962 0.046816 0.518987
1 0.294007 0.563291 0.044944 0.544304
0 0.337547 0.610759 0.038390 0.550633
1 0.410581 0.563291 0.044007 0.518987
1 0.474251 0.598101 0.044007 0.487342
0 0.517322 0.588608 0.040262 0.506329
1 0.598315 0.550633 0.044944 0.518987
0 0.644195 0.572785 0.043071 0.487342
1 0.726592 0.569620 0.044944 0.493671
1 0.817416 0.556962 0.044944 0.518987
0 0.861891 0.582278 0.042135 0.544304
1 0.945693 0.528481 0.046816 0.588608
