1 0.082205 0.457627 0.048356 0.451977
0 0.128143 0.466102 0.041586 0.491525
1 0.199226 0.454802 0.044487 0.514124
0 0.245648 0.502825 0.044487 0.474576
1 0.315280 0.460452 0.044487 0.468927
1 0.380077 0.471751 0.044487 0.480226
1 0.445358 0.454802 0.047389 0.514124
1 0.519342 0.454802 0.046422 0.514124
1 0.604932 0.457627 0.045455 0.519774
0 0.651354 0.514124 0.047389 0.418079
1 0.732592 0.483051 0.045455 0.457627
1 0.811896 0.451977 0.045455 0.531073
0 0.857834 0.533898 0.046422 0.525424
1 0.948259 0.432203 0.051257 0.581921
