1 0.065739 0.558219 0.048944 0.623288
0 0.112284 0.636986 0.044146 0.547945
1 0.186180 0.568493 0.047985 0.602740
0 0.233205 0.602740 0.042226 0.534247
1 0.303743 0.544521 0.048944 0.623288
0 0.373800 0.558219 0.047025 0.650685
0 0.418906 0.599315 0.041267 0.541096
1 0.488004 0.568493 0.047025 0.575342
0 0.534549 0.613014 0.044146 0.500000
1 0.602207 0.558219 0.047025 0.568493
1 0.665547 0.592466 0.045106 0.554795
0 0.711132 0.592466 0.044146 0.513699
1 0.798944 0.544521 0.048944 0.636986
1 0.885317 0.527397 0.048944 0.643836
0 0.930902 0.606164 0.046065 0.582192
