1 0.033842 0.515723 0.046711 0.553459
1 0.163966 0.474843 0.047664 0.572327
1 0.237369 0.474843 0.047664 0.572327
0 0.282650 0.559748 0.042898 0.553459
1 0.353194 0.531447 0.044805 0.547170
0 0.397521 0.522013 0.041945 0.503145
1 0.462822 0.525157 0.044805 0.496855
0 0.509533 0.550314 0.046711 0.484277
1 0.584843 0.512579 0.046711 0.522013
1 0.660153 0.518868 0.048618 0.534591
0 0.704957 0.594340 0.039085 0.522013
1 0.788370 0.550314 0.047664 0.559748
1 0.869876 0.531447 0.046711 0.547170
0 0.916111 0.597484 0.043851 0.566038
0 0.084366 0.597484 0.039085 0.591195
