1 0.104485 0.479412 0.044847 0.582353
0 0.151240 0.567647 0.042939 0.464706
1 0.216603 0.523529 0.045802 0.529412
0 0.261927 0.555882 0.044847 0.488235
1 0.326813 0.532353 0.046756 0.523529
0 0.372615 0.544118 0.041031 0.500000
1 0.445134 0.517647 0.044847 0.541176
0 0.491412 0.579412 0.047710 0.441176
1 0.572042 0.520588 0.048664 0.500000
1 0.657443 0.526471 0.047710 0.547059
0 0.704198 0.561765 0.041985 0.511765
1 0.782920 0.502941 0.048664 0.500000
0 0.828244 0.538235 0.041985 0.464706
1 0.907920 0.508824 0.046756 0.558824
0 0.954676 0.555882 0.046756 0.488235
