1 0.049077 0.478261 0.047619 0.434783
0 0.095724 0.524457 0.043732 0.440217
1 0.183188 0.472826 0.049563 0.456522
1 0.267736 0.467391 0.045675 0.510870
0 0.314869 0.516304 0.046647 0.532609
1 0.398445 0.470109 0.046647 0.472826
0 0.447036 0.521739 0.048591 0.423913
1 0.521380 0.497283 0.047619 0.483696
0 0.568513 0.505435 0.044704 0.434783
1 0.646744 0.472826 0.047619 0.467391
0 0.693878 0.497283 0.044704 0.407609
1 0.786200 0.467391 0.048591 0.478261
0 0.834305 0.480978 0.045675 0.407609
1 0.920311 0.429348 0.046647 0.478261
0 0.974733 0.480978 0.038873 0.429348
