1 0.027914 0.576433 0.046033 0.528662
0 0.074927 0.570064 0.047992 0.605096
1 0.165524 0.605096 0.048972 0.535032
0 0.213516 0.595541 0.047013 0.503185
1 0.297747 0.541401 0.048972 0.611465
0 0.344760 0.617834 0.045054 0.509554
1 0.426543 0.560510 0.046033 0.547771
0 0.473555 0.617834 0.046033 0.560510
1 0.560235 0.531847 0.047013 0.681529
0 0.606268 0.611465 0.045054 0.585987
1 0.693438 0.550955 0.047013 0.515924
1 0.782566 0.519108 0.047013 0.566879
0 0.830069 0.576433 0.046033 0.681529
1 0.919687 0.563694 0.048972 0.592357
0 0.968168 0.557325 0.049951 0.528662
