0 0.052045 0.500000 0.037175 0.527950
1 0.119888 0.450311 0.042751 0.552795
1 0.291357 0.549689 0.041822 0.540373
1 0.331784 0.552795 0.039033 0.509317
1 0.409851 0.465839 0.044610 0.559006
1 0.472119 0.500000 0.042751 0.552795
0 0.513476 0.493789 0.038104 0.565217
1 0.587361 0.462733 0.042751 0.577640
1 0.647305 0.633540 0.043680 0.534161
0 0.687268 0.680124 0.038104 0.503106
1 0.758829 0.555901 0.041822 0.552795
1 0.815520 0.524845 0.045539 0.503106
0 0.857807 0.509317 0.035316 0.608696
1 0.980019 0.475155 0.039963 0.565217
0 0.170539 0.521739 0.038104 0.559006
