1 0.117676 0.519481 0.049805 0.597403
0 0.165039 0.607143 0.042969 0.590909
1 0.236328 0.500000 0.046875 0.597403
0 0.282715 0.597403 0.041992 0.545455
1 0.357910 0.493506 0.047852 0.571429
0 0.406250 0.587662 0.044922 0.525974
1 0.486328 0.525974 0.048828 0.519481
0 0.534180 0.571429 0.042969 0.545455
1 0.620605 0.500000 0.047852 0.558442
0 0.668457 0.577922 0.043945 0.545455
1 0.755371 0.538961 0.049805 0.519481
0 0.802246 0.594156 0.043945 0.551948
1 0.886230 0.487013 0.047852 0.597403
0 0.933594 0.594156 0.044922 0.577922
