1 0.038157 0.438547 0.042616 0.519553
0 0.082755 0.533520 0.044599 0.486034
1 0.132309 0.469274 0.042616 0.458101
0 0.177899 0.483240 0.044599 0.441341
0 0.217542 0.480447 0.032706 0.491620
0 0.308226 0.469274 0.045590 0.480447
1 0.412289 0.458101 0.047572 0.502793
0 0.459366 0.513966 0.044599 0.391061
1 0.554509 0.474860 0.050545 0.458101
0 0.603568 0.516760 0.045590 0.430168
1 0.697225 0.466480 0.048563 0.486034
0 0.745292 0.533520 0.047572 0.452514
1 0.836967 0.455307 0.050545 0.486034
0 0.885530 0.539106 0.046581 0.508380
1 0.971259 0.463687 0.051536 0.513966
