1 0.043204 0.488166 0.045631 0.597633
0 0.090291 0.523669 0.044660 0.538462
1 0.178641 0.505917 0.048544 0.562130
0 0.228155 0.494083 0.044660 0.585799
1 0.303398 0.523669 0.047573 0.538462
0 0.350971 0.517751 0.047573 0.538462
1 0.427184 0.514793 0.048544 0.556213
0 0.476214 0.556213 0.045631 0.461538
1 0.553398 0.520710 0.048544 0.568047
0 0.600000 0.571006 0.044660 0.491124
1 0.677670 0.494083 0.046602 0.573964
0 0.723301 0.573964 0.044660 0.520710
1 0.799515 0.491124 0.045631 0.556213
0 0.845631 0.565089 0.048544 0.514793
1 0.924757 0.473373 0.047573 0.568047
0 0.971845 0.544379 0.044660 0.485207
