0 0.025432 0.676871 0.041267 0.564626
1 0.102207 0.571429 0.047025 0.585034
0 0.149712 0.653061 0.044146 0.612245
1 0.225528 0.544218 0.047985 0.612245
0 0.272073 0.666667 0.043186 0.571429
1 0.337812 0.537415 0.046065 0.585034
0 0.383877 0.636054 0.046065 0.510204
1 0.452975 0.598639 0.046065 0.585034
0 0.498560 0.629252 0.045106 0.496599
1 0.588772 0.578231 0.047025 0.544218
0 0.634837 0.598639 0.047025 0.530612
1 0.723608 0.561224 0.047985 0.591837
0 0.771593 0.663265 0.044146 0.551020
1 0.856046 0.540816 0.049904 0.551020
0 0.902591 0.619048 0.043186 0.557823
