1 0.093605 0.337912 0.040778 0.489011
1 0.150139 0.343407 0.042632 0.467033
0 0.190918 0.346154 0.037071 0.472527
1 0.266914 0.348901 0.042632 0.456044
1 0.328082 0.359890 0.040778 0.478022
0 0.369323 0.467033 0.036145 0.593407
1 0.446710 0.324176 0.044486 0.428571
1 0.511121 0.398352 0.041705 0.489011
1 0.575533 0.486264 0.042632 0.489011
0 0.616775 0.620879 0.039852 0.626374
1 0.682576 0.631868 0.045412 0.472527
1 0.739574 0.659341 0.040778 0.505495
1 0.851251 0.450549 0.041705 0.505495
0 0.895273 0.486264 0.042632 0.456044
