0 0.045455 0.494350 0.029665 0.536723
1 0.130144 0.440678 0.047847 0.519774
0 0.173684 0.531073 0.041148 0.451977
1 0.249761 0.468927 0.045933 0.463277
0 0.294737 0.502825 0.044019 0.451977
1 0.382775 0.477401 0.045933 0.446328
0 0.428708 0.525424 0.044019 0.406780
1 0.507656 0.460452 0.046890 0.480226
0 0.555024 0.545198 0.042105 0.514124
1 0.639713 0.457627 0.044976 0.463277
1 0.733493 0.429379 0.044976 0.485876
0 0.779426 0.511299 0.044976 0.548023
1 0.870813 0.426554 0.045933 0.525424
0 0.917225 0.516949 0.044976 0.457627
