0 0.055659 0.616667 0.040816 0.593333
1 0.139147 0.520000 0.044527 0.613333
0 0.183210 0.620000 0.043599 0.586667
1 0.269481 0.530000 0.045455 0.620000
0 0.315399 0.623333 0.042672 0.540000
1 0.394249 0.510000 0.044527 0.580000
1 0.466605 0.543333 0.046382 0.593333
0 0.510668 0.613333 0.041744 0.480000
1 0.590445 0.550000 0.045455 0.620000
1 0.660482 0.533333 0.046382 0.613333
0 0.703618 0.610000 0.039889 0.500000
1 0.778757 0.556667 0.047310 0.593333
1 0.843692 0.533333 0.045455 0.600000
0 0.887291 0.626667 0.041744 0.520000
1 0.964750 0.526667 0.046382 0.586667
