1 0.035543 0.529801 0.046110 0.582781
0 0.080692 0.632450 0.046110 0.536424
1 0.156580 0.543046 0.046110 0.569536
0 0.202209 0.592715 0.043228 0.509934
1 0.280019 0.523179 0.048991 0.596026
0 0.326129 0.609272 0.045149 0.543046
1 0.407781 0.536424 0.047070 0.596026
0 0.454851 0.599338 0.047070 0.483444
1 0.536023 0.506623 0.046110 0.629139
0 0.582613 0.612583 0.047070 0.509934
1 0.662344 0.543046 0.047070 0.609272
1 0.736792 0.529801 0.046110 0.609272
0 0.782421 0.625828 0.043228 0.642384
1 0.870317 0.513245 0.048031 0.549669
0 0.916907 0.609272 0.047070 0.543046
