1 0.096246 0.537500 0.048123 0.512500
0 0.142445 0.587500 0.044273 0.500000
1 0.212223 0.512500 0.047161 0.612500
0 0.258903 0.581250 0.046198 0.550000
1 0.329163 0.515625 0.046198 0.543750
0 0.374880 0.596875 0.043311 0.568750
1 0.439846 0.496875 0.046198 0.568750
0 0.485082 0.593750 0.044273 0.537500
1 0.549567 0.500000 0.046198 0.550000
0 0.596728 0.568750 0.046198 0.537500
1 0.666506 0.537500 0.049086 0.525000
0 0.714148 0.562500 0.044273 0.500000
1 0.786333 0.518750 0.048123 0.562500
0 0.832531 0.540625 0.044273 0.518750
1 0.903272 0.534375 0.045236 0.543750
0 0.948508 0.587500 0.043311 0.537500
