1 0.069378 0.525641 0.046890 0.576923
0 0.114833 0.628205 0.044019 0.564103
1 0.187560 0.516026 0.045933 0.596154
0 0.233493 0.644231 0.042105 0.557692
1 0.305742 0.532051 0.046890 0.589744
0 0.352632 0.634615 0.044976 0.576923
1 0.422967 0.528846 0.044019 0.544872
0 0.468900 0.644231 0.042105 0.596154
1 0.545455 0.538462 0.045933 0.576923
0 0.591388 0.564103 0.044019 0.500000
1 0.667943 0.548077 0.045933 0.557692
0 0.713876 0.647436 0.045933 0.551282
1 0.790431 0.551282 0.045933 0.564103
0 0.836364 0.647436 0.044019 0.615385
1 0.914833 0.544872 0.045933 0.602564
0 0.960287 0.660256 0.044976 0.589744
