0 0.059160 0.483784 0.040076 0.362162
1 0.128817 0.416216 0.045802 0.443243
1 0.207538 0.416216 0.044847 0.389189
1 0.288645 0.410811 0.046756 0.389189
1 0.368798 0.413514 0.048664 0.383784
0 0.418416 0.521622 0.039122 0.513514
1 0.491412 0.421622 0.047710 0.432432
0 0.539122 0.489189 0.040076 0.448649
1 0.604485 0.435135 0.048664 0.394595
1 0.673664 0.435135 0.047710 0.372973
0 0.719466 0.508108 0.040076 0.356757
1 0.802958 0.437838 0.046756 0.378378
1 0.895992 0.440541 0.045802 0.340541
0 0.941794 0.510811 0.040076 0.448649
