1 0.048187 0.380597 0.046756 0.412935
0 0.091126 0.447761 0.033397 0.457711
0 0.123569 0.514925 0.031489 0.771144
0 0.194179 0.405473 0.037214 0.373134
0 0.154103 0.542289 0.029580 0.696517
0 0.235210 0.495025 0.033397 0.532338
0 0.267653 0.393035 0.031489 0.398010
1 0.345420 0.390547 0.047710 0.422886
0 0.390744 0.432836 0.031489 0.358209
0 0.421756 0.532338 0.030534 0.796020
0 0.451336 0.547264 0.028626 0.686567
0 0.490935 0.390547 0.035305 0.393035
0 0.531011 0.470149 0.033397 0.393035
0 0.564885 0.383085 0.032443 0.437811
0 0.645038 0.400498 0.041985 0.462687
0 0.687500 0.477612 0.033397 0.447761
0 0.719466 0.495025 0.030534 0.621891
1 0.791508 0.380597 0.048664 0.422886
0 0.839218 0.480100 0.031489 0.492537
0 0.870706 0.475124 0.031489 0.532338
1 0.944179 0.385572 0.048664 0.472637
