1 0.076888 0.411917 0.045120 0.398964
0 0.122928 0.463731 0.037753 0.398964
1 0.188766 0.388601 0.046041 0.414508
0 0.235267 0.497409 0.035912 0.414508
1 0.297422 0.396373 0.044199 0.440415
0 0.342081 0.487047 0.039595 0.476684
1 0.410221 0.409326 0.046961 0.476684
1 0.475138 0.432642 0.042357 0.430052
0 0.518877 0.450777 0.037753 0.373057
1 0.588398 0.424870 0.042357 0.445596
1 0.648250 0.401554 0.040516 0.430052
0 0.691989 0.396373 0.035912 0.450777
0 0.863260 0.406736 0.034070 0.440415
1 0.941068 0.391192 0.044199 0.481865
