0 0.096117 0.494681 0.042614 0.489362
1 0.167140 0.388298 0.048295 0.436170
1 0.234375 0.401596 0.048295 0.420213
0 0.280777 0.502660 0.038826 0.515957
1 0.353220 0.430851 0.043561 0.414894
1 0.418561 0.414894 0.047348 0.404255
1 0.487689 0.409574 0.045455 0.414894
0 0.535511 0.537234 0.038826 0.521277
1 0.615530 0.444149 0.047348 0.420213
1 0.687500 0.401596 0.045455 0.430851
0 0.734848 0.500000 0.041667 0.510638
1 0.814867 0.406915 0.048295 0.398936
1 0.893939 0.441489 0.047348 0.382979
0 0.940341 0.510638 0.041667 0.521277
